temps d'expositions :
IMG_1075.JPG : 2"				(2.0)
IMG_1076.JPG : 1"				(1.0)
IMG_1077.JPG : 1/2 			(0.5)
IMG_1078.JPG : 1/4 			(0.25)
IMG_1079.JPG : 1/8 			(0.125)
IMG_1080.JPG : 1/15			(0.066667)
IMG_1081.JPG : 1/30			(0.033334)
IMG_1082.JPG : 1/60			(0.016667)
IMG_1083.JPG : 1/125		(0.008)
IMG_1084.JPG : 1/250		(0.004)
IMG_1085.JPG : 1/500		(0.002)
IMG_1086.JPG : 1/1000		(0.001)
IMG_1087.JPG : 1/2000		(0.0005)
