temps d'expositions :
DSC_2838b.JPG : 2"				(2.0)
DSC_2839b.JPG : 1"				(1.0)
DSC_2840b.JPG : 1/2 			(0.5)
DSC_2841b.JPG : 1/4 			(0.25)
DSC_2842b.JPG : 1/8 			(0.125)
DSC_2843b.JPG : 1/15			(0.066667)
DSC_2844b.JPG : 1/30			(0.033334)
DSC_2845b.JPG : 1/60			(0.016667)
DSC_2846b.JPG : 1/125			(0.008)
DSC_2847b.JPG : 1/250			(0.004)
DSC_2848b.JPG : 1/500			(0.002)
DSC_2849b.JPG : 1/1000		(0.001)

